 ZZ_t
  -2.30  -3.30  -4.30  -5.30   1.70   0.70  -0.30  -1.30  -2.30 -11.30 -12.30 -13.30 -14.30
  -3.30  -2.30  -3.30  -4.30   0.70  -0.30  -1.30  -2.30  -3.30 -10.30 -11.30 -12.30 -13.30
  -4.30  -3.30  -2.30  -3.30  -0.30  -1.30  -2.30  -3.30  -4.30  -9.30 -10.30 -11.30 -12.30
  -5.30  -4.30  -3.30  -2.30  -1.30  -2.30  -3.30  -4.30  -5.30  -8.30  -9.30 -10.30 -11.30
  -6.30  -5.30  -4.30  -3.30  -2.30  -3.30  -4.30  -5.30  -6.30  -5.30  -4.30  -3.30  -2.30
  -5.30  -4.30  -3.30  -2.30  -1.30  -2.30  -3.30  -4.30  -5.30  -4.30  -3.30  -2.30  -1.30
  -4.30  -3.30  -2.30  -1.30  -0.30  -1.30  -2.30  -3.30  -4.30  -3.30  -2.30  -1.30  -0.30
  -3.30  -2.30  -1.30  -0.30   0.70  -0.30  -1.30  -2.30  -3.30  -2.30  -1.30  -0.30   0.70
  -2.30  -1.30  -0.30   0.70   1.70   0.70  -0.30  -1.30  -2.30  -1.30  -0.30   0.70   1.70
  -3.30  -2.30  -1.30  -0.30   0.70  -0.30  -1.30  -2.30  -3.30  -2.30  -3.30  -4.30  -5.30
  -4.30  -3.30  -2.30  -1.30  -0.30  -1.30  -2.30  -3.30  -4.30  -3.30  -2.30  -3.30  -4.30
  -5.30  -4.30  -3.30  -2.30  -1.30  -2.30  -3.30  -4.30  -5.30  -4.30  -3.30  -2.30  -3.30
  -6.30  -5.30  -4.30  -3.30  -2.30  -3.30  -4.30  -5.30  -6.30  -5.30  -4.30  -3.30  -2.30